Elements 10 1
2
H     0 
S   2   1.00
      5.4471780              0.1562850        
      0.8245470              0.9046910        
S   1   1.00
      0.1831920              1.0000000        
****
2
He     0 
S   2   1.00
     13.6267000              0.1752300        
      1.9993500              0.8934830        
S   1   1.00
      0.3829930              1.0000000        
****
3
Li     0 
S   3   1.00
     36.8382000              0.0696686        
      5.4817200              0.3813460        
      1.1132700              0.6817020        
L    2   1.00
      0.5402050             -0.2631270              0.1615460        
      0.1022550              1.1433900              0.9156630        
L    1   1.00
      0.0285650              1.0000000              1.0000000        
****
3
Be     0 
S   3   1.00
     71.8876000              0.0644263        
     10.7289000              0.3660960        
      2.2220500              0.6959340        
L    2   1.00
      1.2954800             -0.4210640              0.2051320        
      0.2688810              1.2240700              0.8825280        
L    1   1.00
      0.0773500              1.0000000              1.0000000        
****
3
B     0 
S   3   1.00
    116.4340000              0.0629605        
     17.4314000              0.3633040        
      3.6801600              0.6972550        
L    2   1.00
      2.2818700             -0.3686620              0.2311520        
      0.4652480              1.1994400              0.8667640        
L    1   1.00
      0.1243280              1.0000000              1.0000000        
****
3
C     0 
S   3   1.00
    172.2560000              0.0617669        
     25.9109000              0.3587940        
      5.5333500              0.7007130        
L    2   1.00
      3.6649800             -0.3958970              0.2364600        
      0.7705450              1.2158400              0.8606190        
L    1   1.00
      0.1958570              1.0000000              1.0000000        
****
3
N     0 
S   3   1.00
    242.7660000              0.0598657        
     36.4851000              0.3529550        
      7.8144900              0.7065130        
L    2   1.00
      5.4252200             -0.4133010              0.2379720        
      1.1491500              1.2244200              0.8589530        
L    1   1.00
      0.2832050              1.0000000              1.0000000        
****
3
O     0 
S   3   1.00
    322.0370000              0.0592394        
     48.4308000              0.3515000        
     10.4206000              0.7076580        
L    2   1.00
      7.4029400             -0.4044530              0.2445860        
      1.5762000              1.2215600              0.8539550        
L    1   1.00
      0.3736840              1.0000000              1.0000000        
****
3
F     0 
S   3   1.00
    413.8010000              0.0585483        
     62.2446000              0.3493080        
     13.4340000              0.7096320        
L    2   1.00
      9.7775900             -0.4073270              0.2466800        
      2.0861700              1.2231400              0.8523210        
L    1   1.00
      0.4823830              1.0000000              1.0000000        
****
3
Ne     0 
S   3   1.00
    515.7240000              0.0581430        
     77.6538000              0.3479510        
     16.8136000              0.7107140        
L    2   1.00
     12.4830000             -0.4099220              0.2474600        
      2.6645100              1.2243100              0.8517430        
L    1   1.00
      0.6062500              1.0000000              1.0000000        
****
DENSITY MATRICES
H
    0.139433    0.267854
    0.267854    0.514554
****
He
    0.419379    0.601960
    0.601960    0.864028
****
Li
    2.002587    0.054353    0.000000    0.000000    0.000000   -0.185417   -0.000000
   -0.000000   -0.000000
    0.054353    0.149113    0.000000    0.000000   -0.000000    0.256335   -0.000000
    0.000000    0.000000
    0.000000    0.000000    0.000000    0.000000   -0.000000    0.000000   -0.000000
    0.000000    0.000000
    0.000000    0.000000    0.000000    0.000000   -0.000000    0.000000   -0.000000
    0.000000    0.000000
    0.000000   -0.000000   -0.000000   -0.000000    0.000000   -0.000000    0.000000
   -0.000000   -0.000000
   -0.185417    0.256335    0.000000    0.000000   -0.000000    0.479891   -0.000000
    0.000000    0.000000
   -0.000000   -0.000000   -0.000000   -0.000000    0.000000   -0.000000    0.000000
   -0.000000   -0.000000
   -0.000000    0.000000    0.000000    0.000000   -0.000000    0.000000   -0.000000
    0.000000    0.000000
   -0.000000    0.000000    0.000000    0.000000   -0.000000    0.000000   -0.000000
    0.000000    0.000000
****
Be
    2.064406    0.052807    0.000000   -0.000000    0.000000   -0.411821    0.000000
   -0.000000   -0.000000
    0.052807    0.116877   -0.000000   -0.000000   -0.000000    0.372807   -0.000000
   -0.000000    0.000000
    0.000000   -0.000000    0.000000    0.000000    0.000000   -0.000000    0.000000
    0.000000   -0.000000
   -0.000000   -0.000000    0.000000    0.000000    0.000000   -0.000000    0.000000
    0.000000    0.000000
    0.000000   -0.000000    0.000000    0.000000    0.000000   -0.000000    0.000000
    0.000000   -0.000000
   -0.411821    0.372807   -0.000000   -0.000000   -0.000000    1.354163   -0.000000
   -0.000000    0.000000
    0.000000   -0.000000    0.000000    0.000000    0.000000   -0.000000    0.000000
    0.000000   -0.000000
   -0.000000   -0.000000    0.000000    0.000000    0.000000   -0.000000    0.000000
    0.000000    0.000000
   -0.000000    0.000000   -0.000000    0.000000   -0.000000    0.000000   -0.000000
    0.000000    0.000000
****
B
    2.059189    0.024881   -0.000000   -0.000000   -0.000000   -0.410393    0.000000
    0.000000    0.000000
    0.024881    0.179317    0.000000    0.000000    0.000000    0.443158   -0.000000
   -0.000000   -0.000000
   -0.000000    0.000000    0.097971    0.000806    0.000806    0.000000    0.107161
    0.000882    0.000882
   -0.000000    0.000000    0.000806    0.097971    0.000806    0.000000    0.000882
    0.107161    0.000882
   -0.000000    0.000000    0.000806    0.000806    0.097971    0.000000    0.000882
    0.000882    0.107161
   -0.410393    0.443158    0.000000    0.000000    0.000000    1.207924   -0.000000
   -0.000000   -0.000000
    0.000000   -0.000000    0.107161    0.000882    0.000882   -0.000000    0.117213
    0.000964    0.000964
    0.000000   -0.000000    0.000882    0.107161    0.000882   -0.000000    0.000964
    0.117213    0.000964
    0.000000   -0.000000    0.000882    0.000882    0.107161   -0.000000    0.000964
    0.000964    0.117213
****
C
    2.062044    0.037528    0.000000    0.000000    0.000000   -0.436426    0.000000
    0.000000    0.000000
    0.037528    0.157124   -0.000000   -0.000000   -0.000000    0.420914   -0.000000
   -0.000000   -0.000000
    0.000000   -0.000000    0.206451    0.000000    0.000000   -0.000000    0.217809
    0.000000    0.000000
    0.000000   -0.000000    0.000000    0.206451    0.000000   -0.000000    0.000000
    0.217809    0.000000
    0.000000   -0.000000    0.000000    0.000000    0.206451   -0.000000    0.000000
    0.000000    0.217809
   -0.436426    0.420914   -0.000000   -0.000000   -0.000000    1.282919   -0.000000
   -0.000000   -0.000000
    0.000000   -0.000000    0.217809    0.000000    0.000000   -0.000000    0.229792
    0.000000    0.000000
    0.000000   -0.000000    0.000000    0.217809    0.000000   -0.000000    0.000000
    0.229792    0.000000
    0.000000   -0.000000    0.000000    0.000000    0.217809   -0.000000    0.000000
    0.000000    0.229792
****
N
    2.063091    0.050591    0.000000    0.000000    0.000000   -0.455021    0.000000
    0.000000    0.000000
    0.050591    0.142220   -0.000000   -0.000000   -0.000000    0.402026    0.000000
    0.000000    0.000000
    0.000000   -0.000000    0.317102   -0.000000   -0.000000   -0.000000    0.329651
    0.000000   -0.000000
    0.000000   -0.000000   -0.000000    0.317102   -0.000000   -0.000000   -0.000000
    0.329651    0.000000
    0.000000   -0.000000   -0.000000   -0.000000    0.317102   -0.000000    0.000000
   -0.000000    0.329651
   -0.455021    0.402026   -0.000000   -0.000000   -0.000000    1.337819   -0.000000
   -0.000000   -0.000000
    0.000000    0.000000    0.329651   -0.000000    0.000000   -0.000000    0.342697
    0.000000    0.000000
    0.000000    0.000000    0.000000    0.329651   -0.000000   -0.000000    0.000000
    0.342697    0.000000
    0.000000    0.000000   -0.000000    0.000000    0.329651   -0.000000    0.000000
    0.000000    0.342697
****
O
    2.060905    0.044738   -0.000000   -0.000000   -0.000000   -0.458662    0.000000
    0.000000    0.000000
    0.044738    0.153512   -0.000000   -0.000000   -0.000000    0.418565   -0.000000
   -0.000000   -0.000000
   -0.000000   -0.000000    0.419908    0.000017    0.000017   -0.000000    0.443967
    0.000020    0.000020
   -0.000000   -0.000000    0.000017    0.419908    0.000017   -0.000000    0.000020
    0.443967    0.000020
   -0.000000   -0.000000    0.000017    0.000017    0.419908   -0.000000    0.000020
    0.000020    0.443967
   -0.458662    0.418565   -0.000000   -0.000000   -0.000000    1.315325   -0.000000
   -0.000000   -0.000000
    0.000000   -0.000000    0.443967    0.000020    0.000020   -0.000000    0.470553
    0.000024    0.000024
    0.000000   -0.000000    0.000020    0.443967    0.000020   -0.000000    0.000024
    0.470553    0.000024
    0.000000   -0.000000    0.000020    0.000020    0.443967   -0.000000    0.000024
    0.000024    0.470553
****
F
    2.060104    0.046680    0.000000    0.000000    0.000000   -0.464860   -0.000000
   -0.000000   -0.000000
    0.046680    0.153115   -0.000000   -0.000000   -0.000000    0.419518    0.000000
    0.000000    0.000000
    0.000000   -0.000000    0.524516   -0.000000   -0.000000   -0.000000    0.558983
   -0.000000   -0.000000
    0.000000   -0.000000   -0.000000    0.524516   -0.000000   -0.000000   -0.000000
    0.558983   -0.000000
    0.000000   -0.000000   -0.000000   -0.000000    0.524516   -0.000000   -0.000000
   -0.000000    0.558983
   -0.464860    0.419518   -0.000000   -0.000000   -0.000000    1.323080    0.000000
    0.000000    0.000000
   -0.000000    0.000000    0.558983   -0.000000   -0.000000    0.000000    0.596170
   -0.000000   -0.000000
   -0.000000    0.000000   -0.000000    0.558983   -0.000000    0.000000   -0.000000
    0.596170   -0.000000
   -0.000000    0.000000   -0.000000   -0.000000    0.558983    0.000000   -0.000000
   -0.000000    0.596170
****
Ne
    2.059670    0.049045    0.000000    0.000000    0.000000   -0.470277    0.000000
    0.000000    0.000000
    0.049045    0.151289   -0.000000   -0.000000   -0.000000    0.417812    0.000000
    0.000000    0.000000
    0.000000   -0.000000    0.633493   -0.000000   -0.000000   -0.000000    0.673952
    0.000000   -0.000000
    0.000000   -0.000000   -0.000000    0.633493   -0.000000   -0.000000   -0.000000
    0.673952    0.000000
    0.000000   -0.000000   -0.000000   -0.000000    0.633493   -0.000000    0.000000
   -0.000000    0.673952
   -0.470277    0.417812   -0.000000   -0.000000   -0.000000    1.333388   -0.000000
   -0.000000   -0.000000
    0.000000    0.000000    0.673952   -0.000000    0.000000   -0.000000    0.716995
   -0.000000   -0.000000
    0.000000    0.000000    0.000000    0.673952   -0.000000   -0.000000   -0.000000
    0.716995   -0.000000
    0.000000    0.000000   -0.000000    0.000000    0.673952   -0.000000   -0.000000
   -0.000000    0.716995
****

