ELEMENTS 10  1
2
H     0 
S   3   1.00
     18.7311370              0.03349460       
      2.8253937              0.23472695       
      0.6401217              0.81375733       
S   1   1.00
      0.1612778              1.0000000        
****
2
He     0 
S   3   1.00
     38.4216340              0.0237660        
      5.7780300              0.1546790        
      1.2417740              0.4696300        
S   1   1.00
      0.2979640              1.0000000        
****
3
Li     0 
S   6   1.00
    642.4189200              0.0021426        
     96.7985150              0.0162089        
     22.0911210              0.0773156        
      6.2010703              0.2457860        
      1.9351177              0.4701890        
      0.6367358              0.3454708        
L    3   1.00
      2.3249184             -0.0350917              0.0089415        
      0.6324306             -0.1912328              0.1410095        
      0.0790534              1.0839878              0.9453637        
L    1   1.00
      0.0359620              1.0000000              1.0000000        
****
3
Be     0 
S   6   1.00
   1264.5857000              0.0019448        
    189.9368100              0.0148351        
     43.1590890              0.0720906        
     12.0986630              0.2371542        
      3.8063232              0.4691987        
      1.2728903              0.3565202        
L    3   1.00
      3.1964631             -0.1126487              0.0559802        
      0.7478133             -0.2295064              0.2615506        
      0.2199663              1.1869167              0.7939723        
L    1   1.00
      0.0823099              1.0000000              1.0000000        
****
3
B     0 
S   6   1.00
   2068.8823000              0.0018663        
    310.6495700              0.0142515        
     70.6830330              0.0695516        
     19.8610800              0.2325729        
      6.2993048              0.4670787        
      2.1270270              0.3634314        
L    3   1.00
      4.7279710             -0.1303938              0.0745976        
      1.1903377             -0.1307889              0.3078467        
      0.3594117              1.1309444              0.7434568        
L    1   1.00
      0.1267512              1.0000000              1.0000000        
****
3
C     0 
S   6   1.00
   3047.5249000              0.0018347        
    457.3695100              0.0140373        
    103.9486900              0.0688426        
     29.2101550              0.2321844        
      9.2866630              0.4679413        
      3.1639270              0.3623120        
L    3   1.00
      7.8682724             -0.1193324              0.0689991        
      1.8812885             -0.1608542              0.3164240        
      0.5442493              1.1434564              0.7443083        
L    1   1.00
      0.1687144              1.0000000              1.0000000        
****
3
N     0 
S   6   1.00
   4173.5110000              0.0018348        
    627.4579000              0.0139950        
    142.9021000              0.0685870        
     40.2343300              0.2322410        
     12.8202100              0.4690700        
      4.3904370              0.3604550        
L    3   1.00
     11.6263580             -0.1149610              0.0675800        
      2.7162800             -0.1691180              0.3239070        
      0.7722180              1.1458520              0.7408950        
L    1   1.00
      0.2120313              1.0000000              1.0000000        
****
3
O     0 
S   6   1.00
   5484.6717000              0.0018311        
    825.2349500              0.0139501        
    188.0469600              0.0684451        
     52.9645000              0.2327143        
     16.8975700              0.4701930        
      5.7996353              0.3585209        
L    3   1.00
     15.5396160             -0.1107775              0.0708743        
      3.5999336             -0.1480263              0.3397528        
      1.0137618              1.1307670              0.7271586        
L    1   1.00
      0.2700058              1.0000000              1.0000000        
****
3
F     0 
S   6   1.00
   7001.7130900              0.0018196169     
   1051.3660900              0.0139160796     
    239.2856900              0.0684053245     
     67.3974453              0.233185760      
     21.5199573              0.471267439      
      7.40310130             0.356618546      
L    3   1.00
     20.8479528             -0.108506975            0.0716287243     
      4.80830834            -0.146451658            0.3459121030     
      1.34406986             1.128688580            0.7224699570     
L    1   1.00
      0.358151393            1.0000000              1.0000000        
****
3
Ne     0 
S   6   1.00
   8425.8515300              0.0018843481     
   1268.5194000              0.0143368994     
    289.6214140              0.0701096233     
     81.8590040              0.2373732660     
     26.2515079              0.4730071260     
      9.09472051             0.3484012410     
L    3   1.00
     26.5321310             -0.107118287            0.0719095885     
      6.10175501            -0.146163821            0.3495133720     
      1.69627153             1.127773500            0.7199405120     
L    1   1.00
      0.44581870             1.0000000              1.0000000        
****
DENSITY MATRICES
H
    0.182697    0.284433
    0.284433    0.442823
****
He
    0.701120    0.608169
    0.608169    0.527541
****
Li
    2.030119   -0.040582    0.000000   -0.000000   -0.000000   -0.134128   -0.000000
    0.000000    0.000000
   -0.040582    0.154029    0.000000    0.000000   -0.000000    0.253285   -0.000000
   -0.000000   -0.000000
    0.000000    0.000000    0.000000    0.000000   -0.000000    0.000000   -0.000000
   -0.000000   -0.000000
   -0.000000    0.000000    0.000000    0.000000   -0.000000    0.000000   -0.000000
   -0.000000   -0.000000
   -0.000000   -0.000000   -0.000000   -0.000000    0.000000   -0.000000    0.000000
    0.000000   -0.000000
   -0.134128    0.253285    0.000000    0.000000   -0.000000    0.418763   -0.000000
   -0.000000   -0.000000
   -0.000000   -0.000000   -0.000000   -0.000000    0.000000   -0.000000    0.000000
    0.000000    0.000000
    0.000000   -0.000000   -0.000000   -0.000000    0.000000   -0.000000    0.000000
    0.000000    0.000000
    0.000000   -0.000000   -0.000000   -0.000000   -0.000000   -0.000000    0.000000
    0.000000    0.000000
****
Be
   2.091146   -0.096373    0.000000    0.000000   -0.000000   -0.349824   -0.000000
   -0.000000    0.000000
   -0.096373    0.167294    0.000000   -0.000000    0.000000    0.439314   -0.000000
    0.000000   -0.000000
    0.000000    0.000000    0.000000   -0.000000    0.000000    0.000000   -0.000000
    0.000000   -0.000000
    0.000000   -0.000000   -0.000000    0.000000   -0.000000   -0.000000    0.000000
   -0.000000    0.000000
   -0.000000    0.000000    0.000000   -0.000000    0.000000    0.000000   -0.000000
    0.000000   -0.000000
   -0.349824    0.439314    0.000000   -0.000000    0.000000    1.158240   -0.000000
    0.000000   -0.000000
   -0.000000   -0.000000   -0.000000    0.000000   -0.000000   -0.000000    0.000000
   -0.000000    0.000000
   -0.000000    0.000000    0.000000   -0.000000    0.000000    0.000000   -0.000000
    0.000000   -0.000000
    0.000000   -0.000000   -0.000000    0.000000   -0.000000   -0.000000    0.000000
   -0.000000    0.000000
****
B
    2.095186   -0.143823   -0.000000   -0.000000   -0.000000   -0.323177    0.000000
    0.000000    0.000000
   -0.143823    0.305671    0.000000    0.000000    0.000000    0.523359   -0.000000
   -0.000000   -0.000000
   -0.000000    0.000000    0.115467   -0.010430   -0.010430    0.000000    0.102179
   -0.009230   -0.009230
   -0.000000    0.000000   -0.010430    0.115467   -0.010430    0.000000   -0.009230
    0.102179   -0.009230
   -0.000000    0.000000   -0.010430   -0.010430    0.115467    0.000000   -0.009230
   -0.009230    0.102179
   -0.323177    0.523359    0.000000    0.000000    0.000000    0.904285    0.000000
    0.000000    0.000000
    0.000000   -0.000000    0.102179   -0.009230   -0.009230    0.000000    0.090421
   -0.008167   -0.008167
    0.000000   -0.000000   -0.009230    0.102179   -0.009230    0.000000   -0.008167
    0.090421   -0.008167
    0.000000   -0.000000   -0.009230   -0.009230    0.102179    0.000000   -0.008167
   -0.008167    0.090421
****
C
    2.089144   -0.171958    0.000000    0.000000    0.000000   -0.286125   -0.000000
   -0.000000   -0.000000
   -0.171958    0.435297    0.000000    0.000000    0.000000    0.562326    0.000000
    0.000000    0.000000
    0.000000    0.000000    0.286233   -0.000000   -0.000000   -0.000000    0.205005
   -0.000000   -0.000000
    0.000000    0.000000   -0.000000    0.286233   -0.000000   -0.000000   -0.000000
    0.205005   -0.000000
    0.000000    0.000000   -0.000000   -0.000000    0.286233   -0.000000   -0.000000
   -0.000000    0.205005
   -0.286125    0.562326   -0.000000   -0.000000   -0.000000    0.742817   -0.000000
   -0.000000   -0.000000
   -0.000000    0.000000    0.205005   -0.000000   -0.000000   -0.000000    0.146829
   -0.000000   -0.000000
   -0.000000    0.000000   -0.000000    0.205005   -0.000000   -0.000000   -0.000000
    0.146829   -0.000000
   -0.000000    0.000000   -0.000000   -0.000000    0.205005   -0.000000   -0.000000
   -0.000000    0.146829
****
N
    2.086950   -0.190742    0.000000    0.000000    0.000000   -0.268246   -0.000000
   -0.000000   -0.000000
   -0.190742    0.524940    0.000000    0.000000    0.000000    0.580035    0.000000
    0.000000    0.000000
    0.000000    0.000000    0.480327    0.000000    0.000000    0.000000    0.308985
    0.000000    0.000000
    0.000000    0.000000    0.000000    0.480327    0.000000    0.000000    0.000000
    0.308985    0.000000
    0.000000    0.000000    0.000000    0.000000    0.480327    0.000000    0.000000
    0.000000    0.308985
   -0.268246    0.580035    0.000000    0.000000    0.000000    0.665446    0.000000
    0.000000    0.000000
   -0.000000    0.000000    0.308985    0.000000    0.000000    0.000000    0.198764
    0.000000    0.000000
   -0.000000    0.000000    0.000000    0.308985    0.000000    0.000000    0.000000
    0.198764    0.000000
   -0.000000    0.000000    0.000000    0.000000    0.308985    0.000000    0.000000
    0.000000    0.198764
****
O
    2.092373   -0.216964   -0.000000   -0.000000   -0.000000   -0.259891    0.000000
    0.000000    0.000000
   -0.216964    0.609366    0.000000    0.000000    0.000000    0.591460   -0.000000
   -0.000000   -0.000000
   -0.000000    0.000000    0.646647    0.000000    0.000000    0.000000    0.415813
    0.000000    0.000000
   -0.000000    0.000000    0.000000    0.646647    0.000000    0.000000    0.000000
    0.415813    0.000000
   -0.000000    0.000000    0.000000    0.000000    0.646647    0.000000    0.000000
    0.000000    0.415813
   -0.259891    0.591460    0.000000    0.000000    0.000000    0.583289   -0.000000
   -0.000000   -0.000000
    0.000000   -0.000000    0.415813    0.000000    0.000000   -0.000000    0.269609
    0.000000    0.000000
    0.000000   -0.000000    0.000000    0.415813    0.000000   -0.000000    0.000000
    0.269609    0.000000
    0.000000   -0.000000    0.000000    0.000000    0.415813   -0.000000    0.000000
    0.000000    0.269609
****
F
    2.098878   -0.220473   -0.000000   -0.000000   -0.000000   -0.274187    0.000000
    0.000000    0.000000
   -0.220473    0.586431    0.000000    0.000000    0.000000    0.595384    0.000000
    0.000000    0.000000
   -0.000000    0.000000    0.785956    0.013874    0.013874    0.000000    0.527013
    0.010566    0.010566
   -0.000000    0.000000    0.013874    0.785956    0.013874    0.000000    0.010566
    0.527013    0.010566
   -0.000000    0.000000    0.013874    0.013874    0.785956    0.000000    0.010566
    0.010566    0.527013
   -0.274187    0.595384    0.000000    0.000000    0.000000    0.607372    0.000000
    0.000000    0.000000
    0.000000    0.000000    0.527013    0.010566    0.010566    0.000000    0.354206
    0.007906    0.007906
    0.000000    0.000000    0.010566    0.527013    0.010566    0.000000    0.007906
    0.354206    0.007906
    0.000000    0.000000    0.010566    0.010566    0.527013    0.000000    0.007906
    0.007906    0.354206
****
Ne
    2.101950   -0.227145   -0.000000   -0.000000   -0.000000   -0.276108   -0.000000
   -0.000000   -0.000000
   -0.227145    0.596063   -0.000000   -0.000000   -0.000000    0.598328    0.000000
    0.000000    0.000000
   -0.000000   -0.000000    0.952874    0.000000    0.000000   -0.000000    0.634082
   -0.000000   -0.000000
   -0.000000   -0.000000    0.000000    0.952874    0.000000   -0.000000   -0.000000
    0.634082   -0.000000
   -0.000000   -0.000000    0.000000    0.000000    0.952874   -0.000000   -0.000000
   -0.000000    0.634082
   -0.276108    0.598328   -0.000000   -0.000000   -0.000000    0.601749    0.000000
    0.000000    0.000000
   -0.000000    0.000000    0.634082   -0.000000   -0.000000    0.000000    0.421944
   -0.000000   -0.000000
   -0.000000    0.000000   -0.000000    0.634082   -0.000000    0.000000   -0.000000
    0.421944   -0.000000
   -0.000000    0.000000   -0.000000   -0.000000    0.634082    0.000000   -0.000000
   -0.000000    0.421944
****


